260094
1246594
357237
143207
1387134
141036
87804
1577674
458607
33420
682451
1466406
951417
1762544
799295
91488
625945
480556
768975
277204
512308
532274
148108
905477
34410
94975
298172
1035138
652921
150393
1089774
634163
377742
189926
1062321
1704836
1094941
1137329
13569
1204261
9267
637320
52045
16690
89875
69650
87851
222411
610173
367970
270601
23792
14529
481778
219091
340181
12057
32882
2134
21717
119497
92694
93756
88403
246314
107492
195196
2761
8781
120749
201940
310878
495935
83743
84315
721418
1086633
2302404
1041236
463126
573430
1698628
1600618
53065
986192
1774074
855535
1367389
296137
185448
2199652
1733907
58052
121121
1763788
216556
1779234
1191943
1308812
446041
2203473
1961104
1738756
210317
242773
1529749
1687030
19751
440818
1617044
802825
983203
998019
56644
765207
2128889
598684
620838
1547634
1552704
2074300
990600
2145123
525177
2125500
1849700
756336
129104
774057
938193
2266493
1537717
1728309
2070683
1581272
609811
770905
2386483
1968666
46929
1054724
2263532
2393588
2398181
9733
1517607
228536
8589
292468
2070259
2087281
1980274
1763772
1448044
2085969
2072736
803346
355257
1534609
2307246
637783
2019686
434596
1630957
426624
1645624
1908954
255844
469161
1045708
2051894
1995980
854155
1640721
2384849
239669
336826
855781
2130153
1335237
1814651
1804529
2371664
815586
74342
29514
1927476
897946
1979263
751531
860916
1667346
1863271
1444095
1432671
1648788
1487959
793201
1604259
2161234
843145
1001763
2015261
1850359
1682100
536676
1652264
2070671
168072
1138532
1948671
1073418
1502906
1496565
196903
2022711
1247661
2396631
1748779
1849386
565048
175063
1812719
707886
2424146
2042225
552585
610732
1454964
480185
400681
2134244
2398671
1390
944303
2366979
630567
895731
2192363
1519219
843711
410048
1983969
1988014
2095808
147329
1057474
96938
1887629
1255660
424044
2345706
1807684
671749
2034364
2107921
973168
1778833
1076236
1428925
2102689
1614319
1975554
150164
2030715
360315
2112581
151479
994939
1270332
868687
2013396
1348125
84630
99813
232712
2056121
1691002
12315
2374056
1544874
2025661
1485681
82343
425436
2437651
1836327
259150
218101
1636578
2258000
878647
1187088
182231
268425
1616437
1450297
816822
342109
205676
301036
440221
1454945
1485206
1457299
2024790
1756103
239205
2481016
1516109
2476113
2427542
2061968
1944456
493735
2180694
349197
1897788
998467
2383297
1947291
936843
842094
2254698
1350819
454171
45849
454496
1610351
1875919
1073122
2087515
2052441
1141804
2143373
1236298
79614
2573929
179139
655676
1887524
1582047
123678
2583790
1787979
1670709
2388036
239491
1379302
1330913
1793489
1844467
1656569
1782393
1951250
144722
58846
1175776
1776300
267716
347128
932095
1453485
1744330
1899042
5823
41894
1724764
2156455
38265
59890
82099
93661
123527
137119
139922
187835
196259
197819
250178
259037
264274
290882
339226
344044
392318
413172
429311
536417
540368
602818
633522
667055
691668
772949
852058
886916
905789
952316
989675
1024482
1037529
1049565
1053345
1060325
1073218
1100275
1121945
1142950
1178989
1196958
1218259
1270146
1349521
1361708
1409375
1414832
1457657
1473751
1480282
1480829
1483757
1510516
1531964
1534374
1583311
1623709
1628132
1655601
1692203
1707174
1770482
1773939
1800118
1803130
1803320
1825918
1843403
1924025
1956397
1964311
1973439
1986646
2001395
2027185
2034590
2099226
2115920
2484357
1006675
1112912
1214432
1645152
1769724
1937308
485893
817603
395671
370325
428030
291556
1412009
1131917
1573153
1482945
526684
414497
186471
397735
623459
762840
7383
2040812
2303314
2183901
1976212
1675537
1831780
305391
540355
671926
697550
1850306
136624
927426
1914780
1846507
118325
1989606
650277
235857
1945575
2395645
90920
46429
360735
880360
48545
431667
1442672
808956
299972
780921
1989235
1365978
1078815
233475
7869
1202496
29267
297375
1998950
1954300
5833
122234
252510
443525
2114958
107873
70463
81840
314875
430947
742198
112316
2387217
515499
803489
866850
318916
491075
2151885
11210
53012
85834
195127
206191
247178
255720
468140
477000
786210
967991
1282640
1392426
1782858
2122929
2248166
12051
24710
25944
26796
27356
30162
53619
57228
62292
67769
74026
77509
78684
91096
94538
139811
140845
168018
169430
176642
176992
186884
201060
220289
235149
240146
254747
263970
264570
267552
275106
287967
292021
300045
317998
328009
328475
380795
386018
407346
445869
528308
851203
901637
924547
928702
951050
1141531
1156878
1306749
1478812
1642660
2095203
182694
424367
544301
882762
2473063
203313
2054270
2155830
69432
2039994
1848428
2135702
2170780
1944230
285401
1009617
1664295
773187
388703
1598457
1072924
1156581
2092384
171978
2026525
1130730
912575
1951828
1795794
805810
2382199
37282
186209
1562846
212457
1414014
849488
257226
734770
1414762
1665618
1420978
802540
1970645
1176467
455326
1213806
1725001
177641
384172
1942840
366410
174096
309135
1410477
21278
436149
1629913
1951444
458407
963993
1566997
1903508
2023805
807565
698305
2163635
194084
600542
761608
2074212
2475476
1944277
1902620
1790289
1974613
219998
1865750
544135
1475484
1430494
1429028
1331471
565
5220
54078
60120
104202
108602
1309105
1503293
1173549
2045975
1932731
174531
669386
983574
1199698
1638426
101340
496941
97384
176442
259694
229472
250247
114424
389926
482989
458700
35504
492027
194719
392619
468269
638313
24317
102779
448812
471665
806715
1620203
310618
19993
4477
1846232
509479
1915213
1751812
1697598
1903036
1518445
1001444
2028621
190694
140940
1210955
1979366
798539
924812
329323
1292585
51518
386520
325238
450662
840564
1860809
457552
270807
374839
184611
1518626
1564172
377930
615208
505819
909486
133591
555203
133960
1563294
159472
455347
716757
1550550
1059427
255441
545514
475950
11897
184855
422556
224925
832440
162632
245906
766179
816618
2489228
156456
1548647
578138
653699
357341
637180
159425
47028
2085160
1529886
186150
342113
1452416
1643721
1682519
782262
1426916
1286402
1840291
426615
2117389
1450234
2106711
187281
237552
9592
93094
475600
324095
451211
1348908
2156012
460005
1989522
349235
2124241
1477184
1663122
2049920
2230478
2003003
1664931
2637835
2252910
2244259
1925437
1119546
1090520
716879
2469100
679092
2437150
1538438
19647
2321899
2397481
730367
1983242
2465391
1430772
1349136
1264762
1548040
38688
172968
281391
284468
480637
5305
70997
433767
609860
1728618
1214575
1521382
2407803
2200488
2289229
966754
1211340
1700113
824495
158887
175237
87380
370509
408089
759783
232432
101740
42244
1759
73123
103610
355204
1598166
1488047
906477
1202144
110634
1413647
319987
128441
2667604
1477143
745704
1258589
1144821
2636509
1157441
531438
587487
444974
1143557
1190656
1601302
1601319
1326758
1942678
230614
2156305
2033705
2103078
2024617
959205
1218283
74183
181202
2499187
171353
1038718
148274
988688
599902
156671
284134
448576
884603
898983
908126
983929
1444762
1661654
1866497
1938481
1164687
693811
468849
54373
1366059
53808
272582
834305
642665
975222
1522236
1683846
75471
1741847
420159
931425
942767
959088
1310202
1225293
479145
29384
292623
275553
1693634
98728
631631
1029707
1791219
2106325
1467253
1335712
2010616
2154440
734745
1199764
1639403
778849
1442922
1582953
504233
632996
1598902
1749638
1848318
2038179
1080501
2418277
2368598
1209538
1058386
61550
1467273
946834
2206079
1924222
453678
284747
2083393
1333675
965064
2093779
805273
816414
170372
491845
326734
222528
1759584
1959752
1606362
2040914
2373103
155658
199035
237007
62561
74162
167745
1994158
2000766
4167
1617581
1041057
112087
1583364
1849244
165343
27582
305018
207673
111977
193612
68341
232477
8889
221682
1244370
471773
407295
1358401
2141763
1460216
832625
1752328
2414353
531563
2173724
1815070
3504
2025612
1795445
36894
413503
440805
1766013
2258120
1034496
732170
2378843
2280564
2105085
1945983
312759
1461907
647734
1667472
1979344
136337
1671894
39389
1109
29073
36429
2313
74094
137870
46140
46216
103596
119034
178871
1338701
14241
82714
314859
16903
506429
1397268
1501500
1136007
1472413
180447
1580603
1290749
2054668
822100
517518
1253217
1615089
1987601
1623120
1738050
989419
2364740
666550
75923
1526979
2357341
1441673
2320673
473201
2117864
527988
2222761
2404204
2028214
1712956
1510537
765056
42979
93855
441813
1122904
1909640
842539
1007696
1254302
1852122
1900835
1912025
1973507
686985
856136
469819
1727620
2221200
1984386
833002
2411816
271642
1177152
931176
